
1000 tavuk 1 1 2023 2 2 2024 10 20 18
1001 tuz 1 1 2023 2 2 2024 10 13 18
1003 salatalik 1 1 2023 2 2 2024 10 13 18
1004 yogurt 1 1 2023 2 2 2024 10 20 18
1005 sarimsak 1 1 2023 2 2 2024 10 20 18
1006 marol 1 1 2023 2 2 2024 10 13 18
1007 limon 1 1 2023 2 2 2024 10 13 18
1008 yag 1 1 2023 2 2 2024 10 10 18
1009 makarna 1 1 2023 2 2 2024 10 20 18
1010 karabiber 1 1 2023 2 2 2024 10 20 18
1011 domatesSalcasi 1 1 2023 2 2 2024 10 20 18
1012 hamur 1 1 2023 2 2 2024 10 20 18
1013 kiyma 1 1 2023 2 2 2024 10 20 18
1014 peynir 1 1 2023 2 2 2024 10 20 18
1015 tereYag 1 1 2023 2 2 2024 10 20 18
1016 marcimek 1 1 2023 2 2 2024 10 20 18
1017 maydanoz 1 1 2023 2 2 2024 10 20 18
1018 baharat 1 1 2023 2 2 2024 10 20 18
1019 salca 1 1 2023 2 2 2024 10 20 18
1020 noodle 1 1 2023 2 2 2024 10 20 18
1021 hindi 1 1 2023 2 2 2024 10 20 18
1022 biber 1 1 2023 2 2 2024 10 20 18
1023 sos 1 1 2023 2 2 2024 10 20 18
1024 ispanak 1 1 2023 2 2 2024 10 20 18
1025 et 1 1 2023 2 2 2024 10 20 18
1026 biberSosu 1 1 2023 2 2 2024 10 20 18
1027 mayonez 1 1 2023 2 2 2024 10 20 18
1028 zeytin 1 1 2023 2 2 2024 10 20 18
1029 kasarPeynir 1 1 2023 2 2 2024 10 20 18
1030 mercimek 1 1 2023 2 2 2024 10 20 18
1031 sogan 1 1 2023 2 2 2024 10 20 18
1032 su 1 1 2023 2 2 2024 10 20 18
1033 mantar 1 1 2023 2 2 2024 10 20 18
1034 Bulgur 1 1 2023 2 2 2024 10 20 18
1035 nohut 1 1 2023 2 2 2024 10 20 18
1036 un 1 1 2023 2 2 2024 10 20 18
1037 yumurta 1 1 2023 2 2 2024 10 20 18
1038 seker 1 1 2023 2 2 2024 10 20 18
1039 paltican 1 1 2023 2 2 2024 10 20 18
1040 pepsi 1 1 2023 2 2 2024 20 5 15
1041 pomme 1 2 2023 21 9 2024 30 33 44